0 0.541250 0.195556 0.062500 0.111111
0 0.573750 0.222222 0.062500 0.111111
0 0.527500 0.233333 0.062500 0.111111
0 0.611250 0.231111 0.062500 0.111111
0 0.547500 0.255556 0.062500 0.111111
0 0.608750 0.271111 0.062500 0.111111
0 0.576250 0.266667 0.062500 0.111111
0 0.507500 0.266667 0.062500 0.111111
0 0.602500 0.311111 0.062500 0.111111
0 0.500000 0.460000 0.100000 0.177778
0 0.290000 0.573333 0.100000 0.177778
0 0.040000 0.453333 0.077500 0.177778
0 0.165000 0.391111 0.100000 0.177778
0 0.353750 0.295556 0.062500 0.111111