0 0.546250 0.197778 0.062500 0.111111
0 0.576250 0.233333 0.062500 0.111111
0 0.517500 0.244444 0.062500 0.111111
0 0.613750 0.242222 0.062500 0.111111
0 0.542500 0.262222 0.062500 0.111111
0 0.608750 0.280000 0.062500 0.111111
0 0.568750 0.286667 0.062500 0.111111
0 0.501250 0.273333 0.062500 0.111111
0 0.577500 0.333333 0.062500 0.111111
0 0.361250 0.608889 0.100000 0.177778
0 0.071250 0.735556 0.137500 0.244444
0 0.080000 0.415556 0.100000 0.177778
0 0.240000 0.346667 0.100000 0.177778
0 0.376250 0.295556 0.062500 0.111111