0 0.553750 0.200000 0.062500 0.111111
0 0.575000 0.202222 0.062500 0.111111
0 0.576250 0.240000 0.062500 0.111111
0 0.517500 0.248889 0.062500 0.111111
0 0.616250 0.246667 0.062500 0.111111
0 0.527500 0.277778 0.062500 0.111111
0 0.595000 0.297778 0.062500 0.111111
0 0.546250 0.311111 0.062500 0.111111
0 0.470000 0.304444 0.062500 0.111111
0 0.550000 0.400000 0.100000 0.177778
0 0.126250 0.848889 0.137500 0.244444
0 0.183750 0.366667 0.100000 0.177778
0 0.295000 0.337778 0.100000 0.177778
0 0.390000 0.266667 0.062500 0.111111